1 1 
26 1 Teste
52 1 
2 2 
26 2 Rot1
52 2 
3 3 
26 3 Mes
45 3 
27 3 31
52 3 
4 4 
26 4 total
44 4 
8 4 
52 4 
26 5 dia
44 5 
9 5 
41 5 
26 5 seg
51 5 
26 5 ter
51 5 
26 5 qua
42 5 
52 5 
26 6 i
51 6 
26 6 j
51 6 
26 6 k
44 6 
8 6 
52 6 
26 7 verdade
44 7 
10 7 
52 7 
5 8 
26 8 Soma
41 8 
26 8 x
51 8 
26 8 y
51 8 
26 8 total
44 8 
8 8 
42 8 
52 8 
4 9 
26 9 Aux
44 9 
8 9 
52 9 
6 10 
13 11 
26 11 verdade
14 11 
26 12 total
43 12 
26 12 Antes
39 12 
27 12 1000
52 12 
16 13 
7 14 
26 14 Soma
52 14 
6 15 
12 16 
26 16 Rot1
52 16 
26 17 x
43 17 
27 17 5
52 17 
26 18 Rot1
44 18 
22 18 
41 18 
55 18 'Testando!'
42 18 
52 18 
7 19 
26 19 Teste
54 19 
56 19 
1 1 
26 1 Atividade
52 1 
2 2 
26 2 Rot1
52 2 
2 3 
26 3 Rot2
52 3 
26 5 times
44 5 
9 5 
41 5 
26 5 aguia
51 5 
26 5 porco
51 5 
26 5 sardinha
51 5 
26 5 bambi
42 5 
52 5 
26 6 a
51 6 
26 6 p
51 6 
26 6 s
51 6 
26 6 b
44 6 
10 6 
52 6 
26 7 a
43 7 
26 7 true
52 7 
26 8 p
43 8 
26 8 false
52 8 
26 9 s
43 9 
26 9 true
52 9 
26 10 b
43 10 
26 10 true
52 10 
6 12 
13 14 
26 14 a
23 14 
26 14 s
23 14 
26 14 b
14 14 
12 15 
26 15 Rot1
52 15 
16 16 
13 17 
26 17 p
14 17 
12 18 
26 18 Rot2
52 18 
16 19 
26 20 Rot1
44 20 
22 20 
41 20 
55 20 'Com mundial !'
42 20 
52 20 
26 21 Rot2
44 21 
22 21 
41 21 
55 21 'Sem mundial !'
42 21 
52 21 
7 22 
26 22 Atividade
54 22 
56 22 
1 1 
26 1 Atividade
52 1 
2 2 
26 2 Rot1
52 2 
2 3 
26 3 Rot2
52 3 
26 5 times
44 5 
9 5 
41 5 
26 5 aguia
51 5 
26 5 porco
51 5 
26 5 sardinha
51 5 
26 5 bambi
42 5 
52 5 
26 6 a
51 6 
26 6 p
51 6 
26 6 s
51 6 
26 6 b
44 6 
10 6 
52 6 
26 7 a
43 7 
26 7 true
52 7 
26 8 p
43 8 
26 8 false
52 8 
26 9 s
43 9 
26 9 true
52 9 
26 10 b
43 10 
26 10 true
52 10 
6 12 
13 14 
26 14 a
23 14 
26 14 s
23 14 
26 14 b
14 14 
12 15 
26 15 Rot1
52 15 
16 16 
13 17 
26 17 p
14 17 
12 18 
26 18 Rot2
52 18 
16 19 
26 20 Rot1
44 20 
22 20 
41 20 
55 20 'Com mundial !'
42 20 
52 20 
26 21 Rot2
44 21 
22 21 
41 21 
55 21 'Sem mundial !'
42 21 
52 21 
7 22 
26 22 Atividade
54 22 
56 22 
1 1 
26 1 Atividade
52 1 
2 2 
26 2 Rot1
52 2 
2 3 
26 3 Rot2
52 3 
26 5 times
44 5 
9 5 
41 5 
26 5 aguia
51 5 
26 5 porco
51 5 
26 5 sardinha
51 5 
26 5 bambi
42 5 
52 5 
26 6 a
51 6 
26 6 p
51 6 
26 6 s
51 6 
26 6 b
44 6 
10 6 
52 6 
26 7 a
43 7 
26 7 true
52 7 
26 8 p
43 8 
26 8 false
52 8 
26 9 s
43 9 
26 9 true
52 9 
26 10 b
43 10 
26 10 true
52 10 
6 12 
13 14 
26 14 a
23 14 
26 14 s
23 14 
26 14 b
14 14 
12 15 
26 15 Rot1
52 15 
16 16 
13 17 
26 17 p
14 17 
12 18 
26 18 Rot2
52 18 
16 19 
26 20 Rot1
44 20 
22 20 
41 20 
55 20 'Com mundial !'
42 20 
52 20 
26 21 Rot2
44 21 
22 21 
41 21 
55 21 'Sem mundial !'
42 21 
52 21 
7 22 
26 22 Atividade
54 22 
56 22 
