1 1 
26 1 Atividade
52 1 
2 2 
26 2 Rot1
52 2 
2 3 
26 3 Rot2
52 3 
26 5 times
44 5 
9 5 
41 5 
26 5 aguia
51 5 
26 5 porco
51 5 
26 5 sardinha
51 5 
26 5 bambi
42 5 
52 5 
26 6 a
51 6 
26 6 p
51 6 
26 6 s
51 6 
26 6 b
44 6 
10 6 
52 6 
26 7 a
43 7 
26 7 true
52 7 
26 8 p
43 8 
26 8 false
52 8 
26 9 s
43 9 
26 9 true
52 9 
26 10 b
43 10 
26 10 true
52 10 
6 12 
13 14 
26 14 a
23 14 
26 14 s
23 14 
26 14 b
14 14 
12 15 
26 15 Rot1
52 15 
16 16 
13 17 
26 17 p
14 17 
12 18 
26 18 Rot2
52 18 
16 19 
26 20 Rot1
44 20 
22 20 
41 20 
55 20 'Com mundial !'
42 20 
52 20 
26 21 Rot2
44 21 
22 21 
41 21 
55 21 'Sem mundial !'
42 21 
52 21 
7 22 
26 22 Atividade
54 22 
56 22 
